🦥 Unsloth: Will patch your computer to enable 2x faster free finetuning.
==((====))==  Unsloth: Fast Llama patching release 2024.7
   \\   /|    GPU: NVIDIA RTX A6000. Max memory: 47.536 GB. Platform = Linux.
O^O/ \_/ \    Pytorch: 2.3.0+cu121. CUDA = 8.6. CUDA Toolkit = 12.1.
\        /    Bfloat16 = TRUE. FA [Xformers = 0.0.26.post1. FA2 = False]
 "-____-"     Free Apache license: http://github.com/unslothai/unsloth
Input sequence length: torch.Size([1, 3781])
Test conversation 1:
{'reason': "The individual's trajectory shows a consistent pattern, likely to follow the established pattern.", 'prediction': [[60, 20, 2, 182], [60, 22, 4, 191], [61, 19, 5, 192], [61, 20, 4, 191], [62, 23, 8, 195], [62, 24, 4, 191], [62, 27, 4, 191], [62, 28, 5, 192], [62, 29, 4, 191], [63, 21, 4, 191], [63, 22, 9, 194], [63, 23, 10, 195], [63, 28, 8, 195], [63, 29, 4, 191], [63, 32, 4, 191], [64, 35, 4, 191], [65, 10, 4, 191], [65, 20, 4, 191], [65, 21, 4, 191], [66, 14, 5, 191], [66, 15, 5, 191], [66, 16, 4, 191], [66, 21, 5, 191], [66, 22, 5, 191], [66, 23, 4, 191], [66, 24, 4, 191], [66, 26, 5, 191], [66, 32, 6, 193], [66, 33, 4, 191], [66, 34, 14, 169], [66, 36, 13, 171], [66, 37, 4, 191], [67, 24, 4, 191], [68, 31, 1, 184], [68, 32, 4, 191], [68, 47, 5, 191], [69, 15, 4, 191], [69, 30, 5, 191], [69, 31, 4, 191], [69, 38, 5, 191], [69, 39, 4, 191], [70, 22, 5, 191], [70, 23, 7, 178], [70, 24, 14, 169], [70, 25, 14, 169], [70, 29, 4, 191], [71, 26, 5, 191], [71, 27, 4, 191], [71, 29, 5, 191], [71, 30, 4, 191], [71, 31, 4, 191], [71, 33, 5, 191], [71, 34, 14, 169], [71, 37, 4, 191], [72, 17, 4, 191], [72, 34, 14, 169], [72, 38, 4, 191], [72, 46, 4, 191], [73, 25, 5, 191], [73, 26, 4, 191], [73, 29, 4, 191], [73, 33, 8, 180], [73, 34, 14, 169], [73, 37, 7, 178], [73, 38, 4, 191], [73, 45, 4, 191]]}
{'reason': "The individual's trajectory shows a consistent pattern, likely to follow the established pattern.", 'prediction': [[60, 20, 7, 192], [60, 22, 8, 192], [61, 19, 5, 191], [61, 20, 4, 191], [62, 23, 5, 191], [62, 24, 2, 184], [62, 27, 11, 178], [62, 28, 12, 177], [62, 29, 4, 191], [63, 21, 4, 192], [63, 22, 8, 195], [63, 23, 4, 191], [63, 28, 11, 172], [63, 29, 14, 169], [63, 32, 4, 191], [64, 35, 5, 191], [65, 10, 4, 191], [65, 20, 5, 178], [65, 21, 2, 186], [66, 14, 3, 184], [66, 15, 32, 161], [66, 16, 32, 156], [66, 21, 31, 159], [66, 22, 16, 173], [66, 23, 5, 181], [66, 24, 3, 187], [66, 26, 4, 191], [66, 32, 1, 184], [66, 33, 10, 174], [66, 34, 14, 169], [66, 36, 11, 172], [66, 37, 4, 191], [67, 24, 4, 191], [68, 31, 7, 196], [68, 32, 6, 193], [68, 47, 4, 191], [69, 15, 5, 191], [69, 30, 5, 191], [69, 31, 4, 191], [69, 38, 5, 191], [69, 39, 4, 191], [70, 22, 7, 195], [70, 23, 10, 195], [70, 24, 8, 195], [70, 25, 4, 191], [70, 29, 4, 191], [71, 26, 9, 194], [71, 27, 10, 194], [71, 29, 8, 195], [71, 30, 8, 195], [71, 31, 4, 191], [71, 33, 3, 188], [71, 34, 14, 169], [71, 37, 2, 187], [72, 17, 4, 191], [72, 34, 4, 191], [72, 38, 4, 191], [72, 46, 5, 191], [73, 25, 7, 195], [73, 26, 10, 195], [73, 29, 4, 191], [73, 33, 7, 178], [73, 34, 13, 169], [73, 37, 13, 170], [73, 38, 4, 191], [73, 45, 4, 191]]}
**************************************************Result Report**************************************************
geobleu: 0.264370148785903
dtw: 7.3243491823826785
*****************************************************************************************************************
1 test conversation: 56.69643211364746s
Input sequence length: torch.Size([1, 10469])
Test conversation 2:
{'reason': "The individual's trajectory shows a consistent pattern, likely to follow the established pattern.", 'prediction': [[60, 5, 30, 138], [60, 6, 30, 137], [60, 11, 30, 137], [60, 12, 30, 137], [60, 14, 30, 137], [60, 15, 30, 137], [60, 16, 24, 141], [60, 36, 24, 141], [60, 37, 30, 137], [60, 38, 30, 137], [60, 39, 30, 138], [60, 40, 30, 137], [60, 47, 30, 138], [61, 0, 30, 138], [61, 1, 30, 137], [61, 2, 30, 138], [61, 3, 30, 137], [61, 5, 30, 138], [61, 6, 30, 137], [61, 7, 30, 137], [61, 8, 30, 138], [61, 9, 30, 138], [61, 10, 30, 137], [61, 11, 30, 137], [61, 16, 24, 141], [61, 17, 24, 141], [61, 36, 24, 141], [61, 37, 30, 137], [62, 0, 30, 138], [62, 1, 30, 138], [62, 2, 30, 137], [62, 3, 30, 137], [62, 4, 30, 137], [62, 8, 30, 138], [62, 9, 30, 137], [62, 10, 30, 138], [62, 11, 30, 137], [62, 14, 30, 138], [62, 15, 30, 137], [62, 20, 28, 138], [62, 21, 28, 139], [62, 22, 29, 139], [62, 23, 30, 137], [62, 24, 30, 137], [62, 25, 30, 137], [63, 18, 30, 138], [63, 19, 30, 137], [63, 22, 28, 138], [63, 23, 28, 140], [63, 24, 30, 137], [63, 47, 30, 137], [64, 2, 30, 138], [64, 3, 30, 138], [64, 4, 30, 137], [64, 5, 30, 138], [64, 6, 30, 137], [64, 7, 30, 137], [64, 10, 30, 138], [64, 11, 30, 137], [64, 12, 30, 138], [64, 16, 24, 141], [64, 19, 25, 141], [64, 20, 24, 141], [64, 21, 24, 142], [64, 22, 24, 141], [64, 24, 24, 141], [64, 25, 24, 141], [64, 28, 24, 142], [64, 29, 24, 141], [64, 36, 24, 142], [64, 37, 30, 137], [65, 2, 30, 137], [65, 3, 30, 137], [65, 5, 30, 138], [65, 7, 30, 137], [65, 9, 30, 137], [65, 10, 30, 138], [65, 11, 30, 137], [65, 16, 24, 141], [65, 19, 25, 141], [65, 20, 24, 141], [65, 21, 24, 143], [65, 22, 25, 145], [65, 23, 24, 141], [65, 25, 24, 141], [65, 36, 24, 141], [65, 37, 30, 137], [65, 38, 30, 137], [65, 39, 30, 137], [65, 40, 30, 137], [65, 47, 30, 137], [66, 0, 30, 137], [66, 1, 30, 137], [66, 2, 30, 138], [66, 3, 30, 138], [66, 4, 30, 137], [66, 5, 30, 137], [66, 6, 30, 137], [66, 7, 30, 137], [66, 8, 30, 137], [66, 9, 30, 137], [66, 10, 30, 137], [66, 11, 30, 137], [66, 16, 24, 141], [66, 19, 25, 141], [66, 20, 24, 143], [66, 21, 24, 143], [66, 22, 24, 141], [66, 24, 24, 141], [66, 28, 24, 143], [66, 29, 24, 143], [66, 30, 24, 141], [66, 32, 24, 141], [66, 36, 24, 141], [66, 37, 30, 137], [66, 46, 30, 137], [66, 47, 30, 138], [67, 0, 30, 137], [67, 1, 30, 137], [67, 3, 30, 137], [67, 4, 30, 137], [67, 5, 30, 138], [67, 6, 30, 137], [67, 7, 30, 137], [67, 8, 30, 137], [67, 9, 30, 137], [67, 10, 30, 137], [67, 16, 24, 141], [67, 26, 24, 143], [67, 27, 24, 143], [67, 28, 24, 143], [67, 29, 24, 143], [67, 30, 24, 141], [67, 36, 24, 141], [67, 37, 30, 137], [67, 39, 30, 137], [68, 0, 30, 137], [68, 1, 30, 137], [68, 2, 30, 138], [68, 3, 30, 137], [68, 4, 30, 137], [68, 5, 30, 137], [68, 6, 30, 137], [68, 7, 30, 137], [68, 9, 30, 138], [68, 10, 30, 137], [68, 17, 24, 141], [68, 18, 24, 143], [68, 19, 24, 143], [68, 20, 24, 143], [68, 21, 24, 143], [68, 22, 24, 143], [68, 23, 24, 143], [68, 25, 24, 141], [68, 28, 24, 143], [68, 29, 24, 143], [68, 36, 24, 141], [68, 37, 30, 137], [69, 1, 30, 137], [69, 2, 30, 138], [69, 3, 30, 137], [69, 4, 30, 137], [69, 7, 30, 137], [69, 8, 30, 137], [69, 10, 30, 137], [69, 12, 30, 137], [69, 18, 29, 139], [69, 19, 30, 137], [69, 23, 28, 138], [69, 24, 30, 137], [69, 27, 30, 138], [69, 28, 30, 137], [69, 29, 30, 137], [69, 47, 30, 137], [70, 0, 30, 137], [70, 1, 30, 137], [70, 3, 30, 137], [70, 4, 30, 137], [70, 7, 30, 138], [70, 9, 30, 137], [70, 10, 30, 137], [70, 18, 28, 138], [70, 19, 28, 139], [70, 20, 28, 140], [70, 23, 30, 138], [70, 24, 30, 137], [70, 46, 30, 138], [70, 47, 30, 137], [71, 8, 30, 137], [71, 9, 30, 137], [71, 16, 24, 141], [71, 18, 24, 143], [71, 19, 24, 143], [71, 20, 24, 143], [71, 22, 24, 143], [71, 24, 24, 143], [71, 26, 24, 143], [71, 27, 24, 143], [71, 30, 24, 141], [71, 36, 24, 141], [71, 37, 30, 137], [71, 38, 30, 137], [71, 47, 30, 137], [72, 1, 30, 137], [72, 2, 30, 137], [72, 3, 30, 137], [72, 4, 30, 137], [72, 6, 30, 137], [72, 7, 30, 137], [72, 9, 30, 137], [72, 11, 30, 137], [72, 16, 24, 141], [72, 17, 24, 141], [72, 25, 25, 141], [72, 26, 24, 141], [72, 27, 25, 141], [72, 28, 24, 143], [72, 29, 24, 141], [72, 36, 24, 142], [72, 37, 30, 137], [73, 2, 30, 137], [73, 3, 30, 137], [73, 4, 30, 137], [73, 16, 24, 141], [73, 18, 24, 143], [73, 21, 24, 143], [73, 24, 24, 143], [73, 25, 24, 143], [73, 28, 24, 143], [73, 29, 24, 143], [73, 30, 24, 143], [73, 31, 24, 141], [73, 36, 24, 142], [73, 37, 30, 137], [73, 47, 30, 137], [74, 1, 30, 137], [74, 2, 30, 137], [74, 3, 30, 137], [74, 7, 30, 138], [74, 8, 30, 137], [74, 9, 30, 137], [74, 11, 30, 137], [74, 16, 24, 141], [74, 19, 24, 143], [74, 21, 24, 143], [74, 26, 24, 143], [74, 30, 24, 143], [74, 31, 24, 143], [74, 32, 24, 141], [74, 36, 24, 141], [74, 37, 30, 137]]}
{'reason': "The individual's trajectory shows a consistent pattern, likely to follow the established pattern.", 'prediction': [[60, 5, 30, 137], [60, 6, 28, 138], [60, 11, 30, 137], [60, 12, 30, 137], [60, 14, 30, 137], [60, 15, 30, 137], [60, 16, 28, 137], [60, 36, 24, 141], [60, 37, 17, 151], [60, 38, 19, 149], [60, 39, 29, 138], [60, 40, 29, 139], [60, 47, 30, 137], [61, 0, 30, 138], [61, 1, 30, 138], [61, 2, 30, 138], [61, 3, 30, 138], [61, 5, 30, 137], [61, 6, 30, 138], [61, 7, 30, 137], [61, 8, 30, 138], [61, 9, 30, 138], [61, 10, 30, 138], [61, 11, 30, 137], [61, 16, 24, 143], [61, 17, 24, 141], [61, 36, 24, 143], [61, 37, 28, 138], [62, 0, 30, 137], [62, 1, 30, 138], [62, 2, 30, 137], [62, 3, 30, 138], [62, 4, 30, 138], [62, 8, 30, 138], [62, 9, 30, 138], [62, 10, 30, 138], [62, 11, 30, 137], [62, 14, 30, 137], [62, 15, 30, 137], [62, 20, 28, 138], [62, 21, 28, 138], [62, 22, 28, 139], [62, 23, 30, 137], [62, 24, 29, 139], [62, 25, 30, 137], [63, 18, 30, 138], [63, 19, 32, 138], [63, 22, 32, 138], [63, 23, 32, 138], [63, 24, 30, 137], [63, 47, 30, 137], [64, 2, 30, 138], [64, 3, 30, 137], [64, 4, 30, 137], [64, 5, 30, 137], [64, 6, 30, 138], [64, 7, 30, 137], [64, 10, 30, 137], [64, 11, 30, 138], [64, 12, 30, 137], [64, 16, 24, 141], [64, 19, 24, 143], [64, 20, 25, 146], [64, 21, 28, 140], [64, 22, 27, 138], [64, 24, 25, 141], [64, 25, 29, 147], [64, 28, 28, 146], [64, 29, 25, 142], [64, 36, 26, 144], [64, 37, 30, 137], [65, 2, 30, 138], [65, 3, 30, 138], [65, 5, 28, 138], [65, 7, 30, 137], [65, 9, 30, 137], [65, 10, 30, 137], [65, 11, 30, 137], [65, 16, 24, 141], [65, 19, 28, 146], [65, 20, 29, 147], [65, 21, 31, 152], [65, 22, 28, 146], [65, 23, 26, 143], [65, 25, 24, 141], [65, 36, 28, 143], [65, 37, 30, 140], [65, 38, 31, 138], [65, 39, 32, 138], [65, 40, 30, 137], [65, 47, 30, 138], [66, 0, 30, 138], [66, 1, 30, 138], [66, 2, 29, 139], [66, 3, 30, 137], [66, 4, 30, 137], [66, 5, 30, 137], [66, 6, 30, 137], [66, 7, 30, 137], [66, 8, 29, 139], [66, 9, 29, 139], [66, 10, 30, 137], [66, 11, 30, 137], [66, 16, 24, 141], [66, 19, 26, 144], [66, 20, 30, 145], [66, 21, 28, 143], [66, 22, 26, 143], [66, 24, 24, 141], [66, 28, 24, 141], [66, 29, 27, 138], [66, 30, 27, 138], [66, 32, 24, 141], [66, 36, 24, 143], [66, 37, 28, 141], [66, 46, 30, 138], [66, 47, 30, 137], [67, 0, 30, 137], [67, 1, 30, 138], [67, 3, 30, 137], [67, 4, 30, 138], [67, 5, 30, 137], [67, 6, 30, 138], [67, 7, 30, 137], [67, 8, 30, 138], [67, 9, 30, 137], [67, 10, 30, 137], [67, 16, 25, 142], [67, 26, 26, 144], [67, 27, 37, 148], [67, 28, 33, 145], [67, 29, 31, 150], [67, 30, 26, 140], [67, 36, 27, 144], [67, 37, 30, 140], [67, 39, 30, 137], [68, 0, 30, 137], [68, 1, 30, 138], [68, 2, 30, 138], [68, 3, 30, 137], [68, 4, 30, 138], [68, 5, 30, 138], [68, 6, 30, 138], [68, 7, 30, 137], [68, 9, 30, 138], [68, 10, 30, 137], [68, 17, 24, 141], [68, 18, 21, 146], [68, 19, 24, 154], [68, 20, 28, 153], [68, 21, 29, 147], [68, 22, 26, 145], [68, 23, 26, 143], [68, 25, 31, 138], [68, 28, 31, 138], [68, 29, 25, 141], [68, 36, 28, 143], [68, 37, 30, 137], [69, 1, 30, 137], [69, 2, 30, 137], [69, 3, 30, 138], [69, 4, 30, 137], [69, 7, 28, 138], [69, 8, 28, 138], [69, 10, 30, 138], [69, 12, 30, 137], [69, 18, 28, 139], [69, 19, 27, 155], [69, 23, 27, 156], [69, 24, 42, 112], [69, 27, 27, 156], [69, 28, 27, 153], [69, 29, 30, 137], [69, 47, 30, 137], [70, 0, 30, 138], [70, 1, 30, 137], [70, 3, 29, 139], [70, 4, 30, 137], [70, 7, 29, 139], [70, 9, 30, 137], [70, 10, 29, 139], [70, 18, 28, 140], [70, 19, 30, 137], [70, 20, 28, 138], [70, 23, 30, 137], [70, 24, 29, 139], [70, 46, 30, 138], [70, 47, 29, 139], [71, 8, 30, 137], [71, 9, 29, 139], [71, 16, 24, 141], [71, 18, 31, 138], [71, 19, 28, 138], [71, 20, 24, 141], [71, 22, 23, 136], [71, 24, 27, 138], [71, 26, 28, 139], [71, 27, 27, 137], [71, 30, 27, 138], [71, 36, 24, 141], [71, 37, 29, 139], [71, 38, 30, 137], [71, 47, 30, 138], [72, 1, 29, 139], [72, 2, 29, 139], [72, 3, 30, 137], [72, 4, 30, 137], [72, 6, 29, 139], [72, 7, 30, 137], [72, 9, 30, 137], [72, 11, 29, 139], [72, 16, 27, 140], [72, 17, 24, 141], [72, 25, 27, 152], [72, 26, 27, 152], [72, 27, 25, 144], [72, 28, 26, 142], [72, 29, 24, 141], [72, 36, 24, 143], [72, 37, 30, 137], [73, 2, 30, 138], [73, 3, 30, 137], [73, 4, 30, 137], [73, 16, 28, 137], [73, 18, 30, 135], [73, 21, 29, 139], [73, 24, 27, 139], [73, 25, 27, 139], [73, 28, 29, 137], [73, 29, 32, 137], [73, 30, 26, 141], [73, 31, 24, 141], [73, 36, 28, 143], [73, 37, 29, 140], [73, 47, 29, 139], [74, 1, 28, 138], [74, 2, 29, 139], [74, 3, 30, 137], [74, 7, 29, 139], [74, 8, 30, 137], [74, 9, 30, 137], [74, 11, 29, 137], [74, 16, 24, 142], [74, 19, 23, 143], [74, 21, 24, 143], [74, 26, 22, 143], [74, 30, 23, 149], [74, 31, 23, 142], [74, 32, 24, 141], [74, 36, 25, 143], [74, 37, 28, 142]]}
**************************************************Result Report**************************************************
geobleu: 0.4145910960178921
dtw: 11.594255633994921
*****************************************************************************************************************
2 test conversation: 254.68294882774353s
Input sequence length: torch.Size([1, 6885])
Test conversation 3:
{'reason': "The individual's trajectory shows a consistent pattern, likely to follow the established pattern.", 'prediction': [[60, 15, 49, 79], [60, 16, 49, 79], [60, 19, 49, 79], [60, 20, 49, 79], [60, 27, 49, 79], [60, 28, 49, 79], [60, 34, 49, 79], [60, 35, 49, 79], [60, 36, 49, 78], [61, 15, 49, 79], [61, 18, 49, 78], [61, 19, 49, 79], [61, 20, 49, 79], [61, 22, 49, 79], [61, 24, 49, 79], [61, 25, 49, 79], [61, 26, 49, 79], [61, 27, 49, 79], [61, 28, 49, 79], [61, 33, 49, 79], [61, 34, 49, 79], [61, 35, 49, 78], [62, 20, 49, 79], [62, 21, 49, 79], [62, 22, 49, 79], [62, 23, 49, 79], [62, 25, 49, 79], [62, 26, 49, 79], [62, 27, 49, 79], [62, 31, 49, 79], [62, 34, 49, 79], [62, 35, 49, 79], [62, 40, 49, 79], [62, 41, 49, 78], [63, 16, 49, 79], [63, 17, 49, 79], [63, 21, 49, 79], [63, 22, 49, 79], [63, 23, 49, 79], [63, 24, 49, 79], [63, 25, 49, 79], [63, 28, 49, 79], [63, 29, 49, 79], [63, 30, 49, 79], [63, 31, 49, 79], [63, 32, 49, 79], [63, 33, 49, 79], [63, 34, 49, 78], [64, 16, 49, 79], [64, 17, 49, 79], [64, 18, 49, 79], [64, 19, 49, 79], [64, 20, 49, 79], [64, 28, 49, 79], [64, 29, 49, 79], [64, 30, 49, 79], [64, 33, 49, 79], [64, 34, 49, 79], [64, 35, 49, 79], [64, 36, 49, 79], [64, 37, 49, 79], [64, 38, 49, 78], [65, 15, 49, 79], [65, 16, 49, 79], [65, 17, 49, 79], [65, 18, 49, 79], [65, 19, 49, 79], [65, 20, 49, 79], [65, 21, 49, 79], [65, 22, 49, 79], [65, 26, 49, 79], [65, 27, 49, 79], [65, 34, 49, 79], [65, 37, 49, 78], [66, 15, 49, 79], [66, 16, 49, 79], [66, 17, 49, 79], [66, 18, 49, 79], [66, 20, 49, 79], [66, 22, 49, 79], [66, 23, 49, 79], [66, 24, 49, 79], [66, 25, 49, 79], [66, 26, 49, 79], [66, 27, 49, 79], [66, 28, 49, 79], [66, 30, 49, 79], [66, 31, 49, 79], [66, 32, 49, 79], [66, 33, 49, 79], [66, 34, 49, 78], [67, 20, 49, 79], [67, 21, 49, 79], [67, 23, 49, 79], [67, 24, 49, 79], [67, 25, 49, 79], [67, 26, 49, 79], [67, 28, 49, 79], [67, 30, 49, 79], [67, 31, 49, 79], [67, 32, 49, 79], [67, 33, 49, 79], [67, 36, 49, 79], [67, 37, 49, 79], [67, 38, 49, 79], [67, 39, 49, 78], [68, 15, 49, 79], [68, 25, 49, 79], [68, 26, 49, 79], [68, 27, 49, 79], [68, 28, 49, 79], [68, 31, 49, 79], [68, 32, 49, 79], [68, 33, 49, 78], [69, 22, 49, 79], [69, 23, 49, 79], [69, 24, 49, 79], [69, 25, 49, 79], [69, 26, 49, 79], [69, 31, 49, 79], [69, 32, 49, 79], [69, 33, 49, 79], [69, 36, 49, 79], [69, 39, 49, 79], [69, 40, 49, 79], [69, 41, 49, 78], [70, 28, 49, 78], [70, 33, 49, 79], [70, 34, 49, 79], [70, 35, 49, 78], [71, 15, 49, 79], [71, 16, 49, 79], [71, 19, 49, 79], [71, 20, 49, 79], [71, 21, 49, 79], [71, 22, 49, 79], [71, 23, 49, 79], [71, 24, 49, 79], [71, 25, 49, 79], [71, 31, 49, 79], [71, 32, 49, 79], [71, 33, 49, 79], [71, 34, 49, 79], [72, 15, 49, 79], [72, 19, 49, 79], [72, 20, 49, 79], [72, 21, 49, 79], [72, 22, 49, 79], [72, 27, 49, 79], [73, 15, 49, 79], [73, 16, 49, 79], [73, 17, 49, 79], [73, 19, 49, 79], [73, 20, 49, 79], [73, 22, 49, 79], [73, 24, 49, 79], [73, 25, 49, 79], [73, 26, 49, 79], [73, 30, 49, 79], [73, 31, 49, 79], [73, 32, 49, 79], [73, 36, 49, 79], [74, 15, 49, 79], [74, 20, 49, 79], [74, 26, 49, 79], [74, 27, 49, 79], [74, 28, 49, 79]]}
{'reason': "The individual's trajectory shows a consistent pattern, likely to follow the established pattern.", 'prediction': [[60, 15, 49, 79], [60, 16, 49, 79], [60, 19, 49, 77], [60, 20, 49, 79], [60, 27, 49, 78], [60, 28, 49, 79], [60, 34, 49, 80], [60, 35, 49, 79], [60, 36, 49, 78], [61, 15, 49, 79], [61, 18, 49, 78], [61, 19, 49, 79], [61, 20, 49, 79], [61, 22, 49, 79], [61, 24, 50, 80], [61, 25, 49, 79], [61, 26, 49, 79], [61, 27, 49, 79], [61, 28, 49, 79], [61, 33, 49, 78], [61, 34, 50, 86], [61, 35, 49, 79], [62, 20, 50, 80], [62, 21, 50, 80], [62, 22, 51, 80], [62, 23, 50, 80], [62, 25, 49, 78], [62, 26, 49, 77], [62, 27, 49, 79], [62, 31, 49, 79], [62, 34, 51, 81], [62, 35, 49, 78], [62, 40, 52, 81], [62, 41, 50, 80], [63, 16, 49, 79], [63, 17, 49, 79], [63, 21, 51, 81], [63, 22, 51, 81], [63, 23, 51, 80], [63, 24, 51, 80], [63, 25, 51, 80], [63, 28, 50, 81], [63, 29, 50, 84], [63, 30, 51, 81], [63, 31, 49, 78], [63, 32, 49, 81], [63, 33, 51, 82], [63, 34, 49, 79], [64, 16, 49, 79], [64, 17, 49, 79], [64, 18, 49, 78], [64, 19, 48, 82], [64, 20, 49, 79], [64, 28, 49, 79], [64, 29, 49, 81], [64, 30, 49, 79], [64, 33, 49, 79], [64, 34, 48, 80], [64, 35, 49, 79], [64, 36, 49, 79], [64, 37, 49, 79], [64, 38, 49, 78], [65, 15, 49, 79], [65, 16, 49, 79], [65, 17, 49, 79], [65, 18, 49, 79], [65, 19, 49, 79], [65, 20, 49, 77], [65, 21, 49, 79], [65, 22, 49, 79], [65, 26, 51, 82], [65, 27, 49, 78], [65, 34, 49, 80], [65, 37, 49, 78], [66, 15, 49, 79], [66, 16, 49, 78], [66, 17, 49, 79], [66, 18, 49, 79], [66, 20, 49, 79], [66, 22, 49, 79], [66, 23, 49, 79], [66, 24, 49, 79], [66, 25, 49, 79], [66, 26, 49, 77], [66, 27, 49, 79], [66, 28, 49, 79], [66, 30, 49, 79], [66, 31, 49, 78], [66, 32, 49, 79], [66, 33, 49, 79], [66, 34, 49, 78], [67, 20, 49, 76], [67, 21, 49, 79], [67, 23, 49, 79], [67, 24, 49, 79], [67, 25, 50, 80], [67, 26, 49, 79], [67, 28, 49, 79], [67, 30, 47, 95], [67, 31, 26, 144], [67, 32, 23, 147], [67, 33, 23, 153], [67, 36, 23, 152], [67, 37, 32, 133], [67, 38, 36, 131], [67, 39, 49, 81], [68, 15, 49, 79], [68, 25, 49, 79], [68, 26, 49, 79], [68, 27, 51, 83], [68, 28, 50, 82], [68, 31, 51, 81], [68, 32, 50, 80], [68, 33, 49, 78], [69, 22, 51, 82], [69, 23, 51, 81], [69, 24, 51, 82], [69, 25, 53, 82], [69, 26, 51, 81], [69, 31, 50, 82], [69, 32, 38, 127], [69, 33, 32, 138], [69, 36, 32, 139], [69, 39, 34, 133], [69, 40, 48, 91], [69, 41, 49, 78], [70, 28, 51, 81], [70, 33, 50, 85], [70, 34, 49, 87], [70, 35, 50, 86], [71, 15, 49, 79], [71, 16, 49, 79], [71, 19, 49, 78], [71, 20, 49, 79], [71, 21, 49, 79], [71, 22, 49, 79], [71, 23, 49, 79], [71, 24, 49, 80], [71, 25, 49, 77], [71, 31, 49, 79], [71, 32, 49, 79], [71, 33, 49, 79], [71, 34, 49, 78], [72, 15, 49, 79], [72, 19, 49, 79], [72, 20, 49, 79], [72, 21, 49, 78], [72, 22, 49, 79], [72, 27, 49, 77], [73, 15, 49, 79], [73, 16, 49, 79], [73, 17, 49, 79], [73, 19, 49, 79], [73, 20, 49, 79], [73, 22, 49, 79], [73, 24, 49, 77], [73, 25, 49, 79], [73, 26, 49, 79], [73, 30, 49, 78], [73, 31, 49, 78], [73, 32, 49, 79], [73, 36, 49, 78], [74, 15, 49, 79], [74, 20, 49, 77], [74, 26, 52, 82], [74, 27, 53, 82], [74, 28, 49, 78]]}
**************************************************Result Report**************************************************
geobleu: 0.46141458538281094
dtw: 3.3887752872963337
*****************************************************************************************************************
3 test conversation: 135.5633556842804s
Input sequence length: torch.Size([1, 10797])
Test conversation 4:
{'reason': "The individual's trajectory shows a consistent pattern, likely to follow the established pattern.", 'prediction': [[60, 0, 12, 196], [60, 13, 12, 196], [60, 14, 12, 196], [60, 17, 12, 195], [60, 18, 12, 196], [60, 20, 12, 196], [60, 24, 12, 196], [60, 25, 12, 195], [60, 26, 12, 196], [60, 27, 12, 195], [60, 28, 12, 196], [60, 29, 12, 195], [60, 30, 12, 196], [60, 31, 12, 195], [60, 32, 12, 196], [60, 34, 12, 195], [60, 35, 12, 196], [60, 36, 12, 195], [60, 37, 12, 196], [60, 44, 12, 196], [60, 45, 12, 195], [60, 46, 12, 196], [60, 47, 12, 196], [61, 0, 12, 196], [61, 3, 12, 196], [61, 17, 12, 195], [61, 18, 12, 196], [61, 19, 12, 196], [61, 22, 12, 195], [61, 23, 12, 196], [61, 24, 12, 195], [61, 26, 12, 196], [61, 27, 12, 196], [61, 31, 12, 196], [61, 32, 12, 195], [61, 33, 12, 196], [61, 34, 12, 195], [61, 35, 12, 196], [61, 38, 12, 196], [61, 39, 12, 195], [61, 40, 12, 195], [61, 41, 12, 196], [61, 42, 12, 195], [61, 43, 12, 196], [61, 46, 12, 196], [61, 47, 12, 195], [62, 0, 12, 196], [62, 2, 12, 196], [62, 5, 12, 196], [62, 13, 12, 196], [62, 14, 12, 196], [62, 16, 12, 195], [62, 17, 14, 195], [62, 26, 13, 194], [62, 27, 14, 195], [62, 28, 14, 195], [62, 29, 14, 195], [62, 30, 14, 195], [62, 32, 14, 195], [62, 33, 14, 195], [62, 34, 12, 196], [62, 38, 12, 195], [62, 39, 12, 196], [62, 41, 12, 195], [63, 0, 12, 196], [63, 1, 12, 195], [63, 6, 12, 196], [63, 14, 12, 196], [63, 15, 12, 195], [63, 16, 12, 196], [63, 17, 12, 195], [63, 18, 12, 196], [63, 19, 12, 195], [63, 20, 12, 196], [63, 27, 12, 196], [63, 28, 12, 195], [63, 29, 12, 196], [63, 30, 12, 195], [63, 31, 12, 196], [63, 33, 12, 195], [63, 34, 12, 196], [63, 35, 12, 196], [63, 37, 12, 196], [63, 38, 12, 196], [63, 41, 12, 196], [63, 42, 12, 196], [63, 43, 12, 196], [64, 0, 12, 196], [64, 17, 12, 196], [64, 21, 12, 195], [64, 22, 12, 196], [64, 23, 12, 195], [64, 25, 12, 196], [64, 26, 12, 195], [64, 27, 12, 196], [64, 28, 12, 195], [64, 31, 12, 196], [64, 32, 12, 196], [64, 36, 12, 195], [64, 37, 12, 196], [64, 38, 12, 195], [64, 39, 12, 196], [64, 40, 12, 196], [64, 41, 12, 196], [64, 42, 12, 196], [64, 43, 12, 196], [64, 44, 12, 196], [64, 45, 12, 196], [64, 46, 12, 196], [64, 47, 12, 196], [65, 0, 12, 196], [65, 2, 12, 196], [65, 15, 12, 196], [65, 16, 12, 196], [65, 22, 12, 196], [65, 26, 12, 196], [65, 27, 12, 196], [65, 28, 12, 196], [65, 29, 12, 196], [65, 30, 12, 196], [65, 31, 12, 196], [65, 32, 12, 196], [65, 37, 12, 196], [65, 39, 12, 196], [65, 40, 12, 196], [65, 41, 12, 196], [65, 46, 12, 196], [65, 47, 12, 196], [66, 13, 12, 196], [66, 14, 12, 196], [66, 16, 12, 196], [66, 18, 12, 196], [66, 19, 12, 196], [66, 20, 12, 196], [66, 21, 12, 196], [66, 22, 12, 196], [66, 29, 12, 196], [66, 30, 12, 196], [66, 31, 12, 196], [66, 34, 12, 196], [66, 38, 12, 196], [66, 39, 12, 196], [66, 40, 12, 196], [66, 46, 12, 196], [66, 47, 12, 196], [67, 1, 12, 196], [67, 13, 12, 196], [67, 19, 12, 196], [67, 22, 12, 196], [67, 23, 12, 196], [67, 27, 12, 196], [67, 28, 12, 196], [67, 29, 12, 196], [67, 30, 12, 196], [67, 31, 12, 196], [67, 32, 12, 196], [67, 33, 12, 196], [67, 36, 12, 196], [67, 37, 12, 196], [67, 39, 12, 196], [67, 42, 12, 196], [67, 46, 12, 196], [67, 47, 12, 196], [68, 0, 12, 196], [68, 2, 12, 196], [68, 5, 12, 196], [68, 9, 12, 196], [68, 16, 12, 196], [68, 17, 12, 196], [68, 21, 12, 196], [68, 22, 12, 196], [68, 23, 12, 196], [68, 25, 12, 196], [68, 27, 12, 196], [68, 28, 12, 196], [68, 29, 12, 196], [68, 30, 12, 196], [68, 33, 12, 196], [68, 34, 12, 196], [68, 35, 12, 196], [68, 37, 12, 196], [68, 39, 12, 196], [68, 43, 12, 196], [68, 44, 12, 196], [68, 46, 12, 196], [68, 47, 12, 196], [69, 14, 12, 196], [69, 16, 12, 196], [69, 18, 12, 196], [69, 19, 12, 196], [69, 20, 12, 196], [69, 21, 12, 196], [69, 22, 12, 196], [69, 23, 12, 196], [69, 24, 12, 196], [69, 25, 12, 196], [69, 26, 12, 196], [69, 27, 12, 196], [69, 30, 12, 196], [69, 32, 12, 196], [69, 36, 12, 196], [69, 37, 12, 196], [69, 41, 12, 196], [69, 42, 12, 196], [69, 43, 12, 196], [69, 44, 12, 196], [69, 47, 12, 196], [70, 17, 12, 196], [70, 18, 12, 196], [70, 20, 12, 196], [70, 21, 12, 196], [70, 24, 12, 196], [70, 25, 12, 196], [70, 28, 12, 196], [70, 29, 12, 196], [70, 31, 12, 196], [70, 32, 12, 196], [70, 33, 12, 196], [70, 34, 12, 196], [70, 35, 12, 196], [70, 38, 12, 196], [70, 40, 12, 196], [70, 42, 12, 196], [70, 43, 12, 196], [70, 44, 12, 196], [70, 46, 12, 196], [70, 47, 12, 196], [71, 1, 12, 196], [71, 5, 12, 196], [71, 20, 12, 196], [71, 22, 12, 196], [71, 23, 12, 196], [71, 27, 12, 196], [71, 28, 12, 196], [71, 29, 12, 196], [71, 30, 12, 196], [71, 32, 12, 196], [71, 33, 12, 196], [71, 34, 12, 196], [71, 38, 12, 196], [71, 39, 12, 196], [71, 43, 12, 196], [71, 45, 12, 196], [71, 47, 12, 196], [72, 13, 12, 196], [72, 14, 12, 196], [72, 19, 12, 196], [72, 20, 12, 196], [72, 21, 12, 196], [72, 22, 12, 196], [72, 23, 12, 196], [72, 24, 12, 196], [72, 32, 12, 196], [72, 34, 12, 196], [72, 35, 12, 196], [72, 37, 12, 196], [72, 38, 12, 196], [72, 39, 12, 196], [72, 41, 12, 196], [72, 42, 12, 196], [72, 43, 12, 196], [72, 46, 12, 196], [72, 47, 12, 196], [73, 2, 12, 196], [73, 6, 12, 196], [73, 19, 12, 196], [73, 20, 12, 196], [73, 22, 12, 196], [73, 24, 12, 196], [73, 29, 12, 196], [73, 30, 12, 196], [73, 31, 12, 196], [73, 37, 12, 196], [73, 38, 12, 196], [73, 39, 12, 196], [73, 41, 12, 196], [73, 42, 12, 196], [73, 44, 12, 196], [73, 46, 12, 196], [73, 47, 12, 196], [74, 16, 12, 196], [74, 17, 12, 196], [74, 18, 12, 196], [74, 19, 12, 196], [74, 22, 12, 196], [74, 23, 12, 196], [74, 26, 12, 196], [74, 28, 12, 196], [74, 29, 12, 196], [74, 30, 12, 196], [74, 31, 12, 196], [74, 36, 12, 196], [74, 46, 12, 196], [74, 47, 12, 196]]}
{'reason': "The individual's trajectory shows a consistent pattern, likely to follow the established pattern.", 'prediction': [[60, 0, 12, 196], [60, 13, 12, 196], [60, 14, 12, 196], [60, 17, 11, 196], [60, 18, 12, 196], [60, 20, 12, 195], [60, 24, 12, 196], [60, 25, 12, 197], [60, 26, 11, 196], [60, 27, 12, 196], [60, 28, 12, 197], [60, 29, 12, 196], [60, 30, 12, 196], [60, 31, 10, 195], [60, 32, 12, 196], [60, 34, 12, 197], [60, 35, 12, 195], [60, 36, 12, 196], [60, 37, 12, 196], [60, 44, 11, 196], [60, 45, 12, 196], [60, 46, 12, 197], [60, 47, 12, 197], [61, 0, 12, 197], [61, 3, 12, 196], [61, 17, 12, 197], [61, 18, 12, 197], [61, 19, 12, 196], [61, 22, 9, 194], [61, 23, 8, 195], [61, 24, 10, 195], [61, 26, 12, 195], [61, 27, 12, 174], [61, 31, 17, 177], [61, 32, 5, 194], [61, 33, 12, 195], [61, 34, 12, 196], [61, 35, 12, 197], [61, 38, 12, 197], [61, 39, 18, 179], [61, 40, 20, 177], [61, 41, 13, 169], [61, 42, 16, 182], [61, 43, 12, 195], [61, 46, 12, 197], [61, 47, 11, 196], [62, 0, 12, 196], [62, 2, 11, 196], [62, 5, 12, 196], [62, 13, 12, 197], [62, 14, 12, 196], [62, 16, 12, 197], [62, 17, 14, 194], [62, 26, 14, 195], [62, 27, 13, 195], [62, 28, 13, 192], [62, 29, 14, 195], [62, 30, 14, 195], [62, 32, 15, 194], [62, 33, 12, 195], [62, 34, 8, 196], [62, 38, 11, 195], [62, 39, 10, 195], [62, 41, 12, 197], [63, 0, 12, 196], [63, 1, 12, 197], [63, 6, 12, 196], [63, 14, 11, 196], [63, 15, 12, 197], [63, 16, 12, 196], [63, 17, 12, 195], [63, 18, 10, 195], [63, 19, 12, 197], [63, 20, 12, 195], [63, 27, 12, 196], [63, 28, 12, 195], [63, 29, 18, 173], [63, 30, 13, 169], [63, 31, 15, 173], [63, 33, 17, 177], [63, 34, 15, 184], [63, 35, 12, 197], [63, 37, 12, 197], [63, 38, 12, 196], [63, 41, 11, 195], [63, 42, 14, 187], [63, 43, 12, 196], [64, 0, 12, 197], [64, 17, 12, 196], [64, 21, 12, 195], [64, 22, 12, 196], [64, 23, 12, 195], [64, 25, 12, 197], [64, 26, 12, 196], [64, 27, 12, 197], [64, 28, 12, 196], [64, 31, 10, 195], [64, 32, 12, 195], [64, 36, 12, 197], [64, 37, 12, 195], [64, 38, 12, 197], [64, 39, 12, 197], [64, 40, 12, 197], [64, 41, 12, 196], [64, 42, 12, 197], [64, 43, 12, 196], [64, 44, 12, 195], [64, 45, 12, 196], [64, 46, 12, 197], [64, 47, 12, 197], [65, 0, 12, 197], [65, 2, 12, 195], [65, 15, 12, 195], [65, 16, 12, 197], [65, 22, 12, 196], [65, 26, 12, 196], [65, 27, 10, 196], [65, 28, 11, 196], [65, 29, 12, 195], [65, 30, 12, 196], [65, 31, 12, 195], [65, 32, 12, 195], [65, 37, 12, 197], [65, 39, 12, 196], [65, 40, 12, 195], [65, 41, 12, 196], [65, 46, 12, 196], [65, 47, 12, 196], [66, 13, 12, 196], [66, 14, 12, 196], [66, 16, 12, 197], [66, 18, 11, 196], [66, 19, 8, 195], [66, 20, 12, 195], [66, 21, 12, 197], [66, 22, 12, 197], [66, 29, 12, 196], [66, 30, 12, 197], [66, 31, 12, 196], [66, 34, 12, 195], [66, 38, 12, 197], [66, 39, 12, 196], [66, 40, 12, 197], [66, 46, 12, 196], [66, 47, 12, 197], [67, 1, 12, 197], [67, 13, 12, 196], [67, 19, 12, 197], [67, 22, 12, 197], [67, 23, 12, 196], [67, 27, 12, 195], [67, 28, 12, 197], [67, 29, 10, 195], [67, 30, 12, 197], [67, 31, 12, 196], [67, 32, 10, 195], [67, 33, 10, 195], [67, 36, 12, 195], [67, 37, 12, 197], [67, 39, 12, 197], [67, 42, 12, 195], [67, 46, 12, 195], [67, 47, 12, 197], [68, 0, 12, 197], [68, 2, 12, 195], [68, 5, 12, 196], [68, 9, 12, 196], [68, 16, 12, 197], [68, 17, 12, 197], [68, 21, 12, 195], [68, 22, 12, 197], [68, 23, 12, 196], [68, 25, 12, 196], [68, 27, 10, 195], [68, 28, 8, 196], [68, 29, 12, 196], [68, 30, 12, 196], [68, 33, 12, 195], [68, 34, 12, 197], [68, 35, 12, 196], [68, 37, 12, 196], [68, 39, 12, 197], [68, 43, 12, 196], [68, 44, 12, 195], [68, 46, 12, 197], [68, 47, 12, 197], [69, 14, 12, 195], [69, 16, 12, 197], [69, 18, 12, 195], [69, 19, 12, 197], [69, 20, 12, 195], [69, 21, 10, 195], [69, 22, 12, 195], [69, 23, 6, 177], [69, 24, 11, 174], [69, 25, 12, 173], [69, 26, 8, 180], [69, 27, 12, 195], [69, 30, 12, 196], [69, 32, 12, 196], [69, 36, 12, 197], [69, 37, 12, 197], [69, 41, 12, 197], [69, 42, 12, 197], [69, 43, 12, 197], [69, 44, 12, 195], [69, 47, 12, 197], [70, 17, 14, 195], [70, 18, 14, 195], [70, 20, 14, 194], [70, 21, 14, 194], [70, 24, 14, 194], [70, 25, 12, 195], [70, 28, 15, 194], [70, 29, 13, 194], [70, 31, 14, 195], [70, 32, 13, 194], [70, 33, 13, 194], [70, 34, 12, 196], [70, 35, 12, 195], [70, 38, 12, 197], [70, 40, 12, 196], [70, 42, 12, 197], [70, 43, 12, 196], [70, 44, 12, 197], [70, 46, 12, 197], [70, 47, 12, 196], [71, 1, 12, 197], [71, 5, 12, 195], [71, 20, 12, 196], [71, 22, 12, 197], [71, 23, 12, 196], [71, 27, 15, 184], [71, 28, 19, 175], [71, 29, 12, 197], [71, 30, 12, 196], [71, 32, 12, 196], [71, 33, 11, 196], [71, 34, 12, 195], [71, 38, 12, 197], [71, 39, 12, 197], [71, 43, 12, 197], [71, 45, 12, 197], [71, 47, 12, 197], [72, 13, 12, 195], [72, 14, 12, 196], [72, 19, 12, 197], [72, 20, 12, 196], [72, 21, 12, 196], [72, 22, 10, 195], [72, 23, 10, 195], [72, 24, 11, 197], [72, 32, 10, 195], [72, 34, 12, 197], [72, 35, 12, 195], [72, 37, 12, 197], [72, 38, 12, 196], [72, 39, 12, 197], [72, 41, 12, 196], [72, 42, 12, 197], [72, 43, 12, 197], [72, 46, 12, 195], [72, 47, 12, 195], [73, 2, 12, 195], [73, 6, 12, 195], [73, 19, 12, 197], [73, 20, 12, 196], [73, 22, 12, 197], [73, 24, 12, 197], [73, 29, 12, 196], [73, 30, 12, 196], [73, 31, 12, 196], [73, 37, 12, 196], [73, 38, 12, 197], [73, 39, 12, 197], [73, 41, 12, 196], [73, 42, 12, 196], [73, 44, 12, 196], [73, 46, 12, 197], [73, 47, 12, 195], [74, 16, 12, 196], [74, 17, 12, 197], [74, 18, 12, 196], [74, 19, 12, 196], [74, 22, 12, 197], [74, 23, 12, 196], [74, 26, 12, 196], [74, 28, 12, 196], [74, 29, 10, 196], [74, 30, 11, 196], [74, 31, 12, 196], [74, 36, 12, 195], [74, 46, 12, 197], [74, 47, 12, 196]]}
**************************************************Result Report**************************************************
geobleu: 0.4685155371370787
dtw: 3.0433521026581922
*****************************************************************************************************************
4 test conversation: 312.45381927490234s
Input sequence length: torch.Size([1, 7269])
Test conversation 5:
{'reason': "The individual's trajectory shows a consistent pattern, likely to follow the established pattern.", 'prediction': [[60, 15, 16, 166], [60, 20, 16, 164], [60, 21, 16, 164], [60, 22, 16, 163], [60, 23, 24, 155], [60, 24, 23, 157], [60, 25, 16, 166], [60, 30, 16, 164], [60, 31, 24, 155], [60, 33, 16, 166], [60, 34, 18, 169], [60, 35, 15, 177], [60, 36, 15, 177], [60, 37, 17, 173], [61, 14, 18, 173], [61, 15, 16, 166], [61, 16, 16, 166], [61, 17, 16, 166], [61, 18, 16, 166], [61, 19, 16, 166], [61, 20, 16, 166], [61, 21, 16, 165], [61, 22, 16, 165], [61, 24, 16, 165], [61, 25, 16, 166], [61, 27, 16, 166], [61, 28, 16, 165], [61, 29, 16, 166], [61, 30, 16, 166], [61, 34, 18, 169], [61, 35, 18, 164], [61, 36, 19, 165], [61, 37, 17, 173], [61, 42, 17, 173], [61, 44, 17, 173], [62, 6, 17, 173], [62, 16, 17, 173], [62, 18, 17, 173], [62, 19, 17, 173], [62, 20, 17, 173], [62, 21, 17, 173], [62, 23, 17, 174], [62, 24, 17, 173], [62, 25, 17, 173], [63, 30, 16, 173], [63, 31, 17, 173], [63, 32, 17, 173], [63, 33, 17, 173], [63, 34, 17, 173], [63, 41, 17, 173], [63, 43, 17, 173], [64, 15, 16, 166], [64, 16, 16, 166], [64, 17, 16, 166], [64, 19, 16, 166], [64, 22, 16, 166], [64, 33, 16, 166], [64, 35, 16, 166], [64, 41, 16, 166], [64, 43, 17, 173], [64, 44, 17, 173], [65, 14, 18, 173], [65, 15, 16, 166], [65, 21, 16, 164], [65, 22, 16, 164], [65, 23, 25, 153], [65, 24, 22, 157], [65, 25, 16, 166], [65, 30, 16, 164], [65, 31, 26, 153], [65, 32, 25, 153], [65, 33, 16, 166], [65, 35, 15, 177], [65, 39, 17, 174], [65, 40, 17, 173], [66, 15, 16, 166], [66, 21, 16, 164], [66, 23, 22, 157], [66, 24, 26, 152], [66, 25, 19, 162], [66, 26, 16, 166], [66, 30, 16, 164], [66, 31, 23, 156], [66, 32, 25, 153], [66, 33, 16, 166], [66, 35, 17, 166], [66, 36, 14, 177], [66, 38, 15, 176], [66, 39, 17, 173], [67, 15, 16, 166], [67, 20, 16, 164], [67, 21, 16, 164], [67, 24, 16, 166], [67, 25, 16, 166], [67, 26, 16, 166], [67, 27, 16, 166], [67, 29, 16, 166], [67, 31, 24, 153], [67, 32, 26, 152], [67, 33, 16, 166], [67, 35, 16, 165], [67, 36, 17, 173], [67, 37, 17, 173], [67, 47, 17, 173], [68, 15, 16, 166], [68, 21, 16, 164], [68, 22, 16, 163], [68, 24, 26, 153], [68, 25, 16, 166], [68, 27, 16, 166], [68, 28, 16, 166], [68, 29, 16, 166], [68, 37, 18, 169], [68, 39, 19, 175], [68, 40, 17, 173], [69, 15, 16, 166], [69, 30, 16, 166], [69, 37, 17, 166], [69, 42, 17, 173], [69, 43, 17, 173], [70, 7, 17, 173], [70, 13, 17, 173], [70, 14, 17, 173], [70, 15, 17, 173], [70, 16, 17, 173], [70, 18, 17, 173], [70, 19, 17, 173], [70, 21, 17, 173], [70, 22, 17, 173], [70, 23, 17, 173], [70, 24, 17, 173], [70, 30, 17, 173], [70, 32, 17, 173], [70, 33, 17, 173], [70, 34, 17, 173], [70, 35, 17, 173], [70, 37, 17, 173], [70, 38, 17, 173], [70, 39, 17, 173], [70, 41, 17, 173], [70, 42, 17, 173], [70, 45, 17, 173], [70, 46, 17, 173], [71, 16, 17, 173], [71, 17, 17, 173], [71, 28, 17, 173], [71, 29, 17, 173], [71, 30, 17, 173], [71, 31, 17, 173], [71, 32, 17, 173], [72, 27, 17, 173], [72, 28, 17, 173], [72, 29, 17, 173], [72, 35, 17, 173], [72, 38, 17, 173], [72, 39, 17, 173], [73, 15, 16, 166], [73, 22, 16, 164], [73, 23, 24, 155], [73, 24, 26, 153], [73, 25, 18, 162], [73, 26, 16, 166], [73, 29, 16, 164], [73, 30, 17, 163], [73, 31, 25, 153], [73, 32, 26, 152], [73, 33, 16, 166], [73, 35, 15, 177], [73, 39, 15, 176], [73, 40, 17, 173], [74, 15, 16, 166], [74, 22, 16, 164], [74, 23, 21, 160], [74, 24, 25, 153], [74, 25, 16, 166], [74, 29, 16, 164], [74, 30, 16, 164], [74, 31, 26, 152], [74, 32, 25, 153], [74, 33, 16, 166], [74, 34, 16, 166], [74, 35, 16, 166], [74, 36, 18, 169], [74, 37, 17, 173]]}
{'reason': "The individual's trajectory shows a consistent pattern, likely to follow the established pattern.", 'prediction': [[60, 15, 16, 173], [60, 20, 14, 169], [60, 21, 16, 165], [60, 22, 17, 163], [60, 23, 23, 156], [60, 24, 26, 154], [60, 25, 16, 166], [60, 30, 18, 159], [60, 31, 23, 157], [60, 33, 24, 155], [60, 34, 18, 164], [60, 35, 15, 168], [60, 36, 19, 175], [60, 37, 17, 173], [61, 14, 16, 174], [61, 15, 16, 166], [61, 16, 19, 162], [61, 17, 23, 155], [61, 18, 45, 153], [61, 19, 47, 138], [61, 20, 48, 151], [61, 21, 31, 152], [61, 22, 20, 162], [61, 24, 16, 167], [61, 25, 7, 177], [61, 27, 16, 166], [61, 28, 17, 167], [61, 29, 20, 172], [61, 30, 16, 166], [61, 34, 16, 166], [61, 35, 19, 167], [61, 36, 19, 167], [61, 37, 17, 174], [61, 42, 17, 173], [61, 44, 17, 173], [62, 6, 17, 173], [62, 16, 17, 174], [62, 18, 17, 174], [62, 19, 18, 174], [62, 20, 17, 174], [62, 21, 17, 174], [62, 23, 18, 171], [62, 24, 18, 171], [62, 25, 13, 176], [63, 30, 13, 170], [63, 31, 15, 169], [63, 32, 19, 175], [63, 33, 17, 173], [63, 34, 17, 175], [63, 41, 17, 173], [63, 43, 17, 173], [64, 15, 17, 171], [64, 16, 18, 168], [64, 17, 19, 170], [64, 19, 19, 174], [64, 22, 11, 172], [64, 33, 11, 172], [64, 35, 17, 173], [64, 41, 17, 174], [64, 43, 17, 173], [64, 44, 17, 173], [65, 14, 16, 173], [65, 15, 18, 169], [65, 21, 16, 164], [65, 22, 20, 161], [65, 23, 25, 153], [65, 24, 26, 154], [65, 25, 16, 165], [65, 30, 20, 161], [65, 31, 24, 153], [65, 32, 25, 154], [65, 33, 24, 156], [65, 35, 17, 172], [65, 39, 19, 175], [65, 40, 17, 173], [66, 15, 18, 170], [66, 21, 16, 164], [66, 23, 16, 164], [66, 24, 19, 162], [66, 25, 24, 155], [66, 26, 16, 166], [66, 30, 16, 164], [66, 31, 21, 160], [66, 32, 26, 154], [66, 33, 24, 156], [66, 35, 16, 166], [66, 36, 18, 164], [66, 38, 17, 167], [66, 39, 17, 174], [67, 15, 17, 170], [67, 20, 16, 165], [67, 21, 16, 164], [67, 24, 19, 162], [67, 25, 24, 155], [67, 26, 25, 154], [67, 27, 16, 165], [67, 29, 16, 164], [67, 31, 23, 157], [67, 32, 21, 160], [67, 33, 16, 166], [67, 35, 15, 166], [67, 36, 11, 174], [67, 37, 17, 173], [67, 47, 17, 173], [68, 15, 16, 166], [68, 21, 16, 165], [68, 22, 16, 164], [68, 24, 19, 161], [68, 25, 25, 153], [68, 27, 26, 158], [68, 28, 22, 163], [68, 29, 20, 163], [68, 37, 18, 164], [68, 39, 15, 168], [68, 40, 17, 174], [69, 15, 16, 165], [69, 30, 16, 166], [69, 37, 16, 164], [69, 42, 16, 165], [69, 43, 17, 173], [70, 7, 17, 173], [70, 13, 18, 169], [70, 14, 16, 165], [70, 15, 16, 164], [70, 16, 16, 166], [70, 18, 16, 164], [70, 19, 16, 165], [70, 21, 19, 161], [70, 22, 23, 157], [70, 23, 21, 159], [70, 24, 16, 166], [70, 30, 16, 165], [70, 32, 16, 166], [70, 33, 16, 164], [70, 34, 16, 163], [70, 35, 16, 164], [70, 37, 16, 164], [70, 38, 16, 163], [70, 39, 16, 164], [70, 41, 16, 164], [70, 42, 16, 166], [70, 45, 16, 166], [70, 46, 17, 171], [71, 16, 16, 173], [71, 17, 17, 173], [71, 28, 18, 173], [71, 29, 18, 164], [71, 30, 18, 164], [71, 31, 19, 175], [71, 32, 17, 174], [72, 27, 29, 172], [72, 28, 28, 179], [72, 29, 19, 174], [72, 35, 17, 173], [72, 38, 17, 175], [72, 39, 17, 173], [73, 15, 18, 169], [73, 22, 17, 163], [73, 23, 21, 159], [73, 24, 25, 154], [73, 25, 21, 160], [73, 26, 17, 173], [73, 29, 16, 164], [73, 30, 17, 163], [73, 31, 25, 154], [73, 32, 24, 155], [73, 33, 18, 163], [73, 35, 15, 175], [73, 39, 15, 175], [73, 40, 17, 173], [74, 15, 18, 169], [74, 22, 17, 163], [74, 23, 22, 158], [74, 24, 25, 153], [74, 25, 16, 165], [74, 29, 16, 164], [74, 30, 19, 162], [74, 31, 24, 155], [74, 32, 26, 153], [74, 33, 24, 156], [74, 34, 18, 169], [74, 35, 26, 171], [74, 36, 23, 171], [74, 37, 17, 173]]}
**************************************************Result Report**************************************************
geobleu: 0.18722285416019838
dtw: 12.357367840304683
*****************************************************************************************************************
5 test conversation: 154.73299145698547s
Input sequence length: torch.Size([1, 6013])
Test conversation 6:
{'reason': "The individual's trajectory shows a consistent pattern, likely to follow the established pattern.", 'prediction': [[60, 17, 33, 149], [60, 22, 33, 149], [60, 43, 33, 150], [60, 44, 33, 149], [61, 17, 33, 149], [61, 18, 33, 149], [61, 45, 33, 150], [61, 46, 33, 149], [62, 20, 33, 149], [62, 45, 33, 150], [62, 46, 33, 149], [63, 20, 33, 149], [63, 23, 32, 150], [63, 24, 33, 151], [63, 25, 33, 149], [63, 26, 33, 149], [63, 28, 33, 150], [63, 29, 33, 150], [63, 30, 33, 149], [64, 14, 32, 150], [64, 15, 33, 149], [64, 16, 33, 149], [64, 17, 33, 149], [64, 18, 33, 149], [64, 19, 33, 149], [64, 20, 33, 149], [64, 21, 33, 149], [64, 25, 33, 149], [64, 29, 33, 149], [64, 31, 33, 149], [64, 32, 33, 149], [64, 33, 33, 149], [64, 34, 33, 149], [64, 35, 33, 149], [65, 24, 33, 149], [65, 25, 33, 149], [65, 26, 33, 149], [65, 27, 33, 149], [65, 28, 33, 149], [65, 29, 33, 149], [65, 30, 33, 149], [65, 32, 33, 149], [66, 13, 33, 149], [66, 14, 33, 149], [66, 15, 33, 149], [66, 16, 33, 149], [66, 17, 33, 149], [66, 18, 33, 149], [66, 19, 33, 149], [66, 20, 33, 149], [66, 22, 33, 149], [66, 23, 33, 149], [66, 24, 33, 149], [66, 25, 33, 149], [66, 26, 33, 149], [66, 27, 33, 149], [66, 29, 33, 149], [66, 31, 33, 149], [66, 33, 33, 149], [66, 34, 33, 149], [66, 35, 33, 149], [66, 36, 33, 149], [67, 26, 33, 149], [67, 27, 33, 149], [67, 28, 33, 149], [67, 29, 33, 149], [67, 30, 33, 149], [67, 31, 33, 149], [67, 32, 33, 149], [68, 10, 33, 149], [68, 11, 33, 149], [68, 12, 33, 149], [68, 13, 33, 149], [68, 14, 33, 149], [68, 15, 33, 149], [68, 18, 33, 149], [68, 25, 33, 149], [68, 26, 33, 149], [68, 27, 33, 149], [68, 28, 33, 149], [68, 29, 33, 149], [68, 30, 33, 149], [68, 34, 33, 149], [68, 35, 33, 149], [68, 36, 33, 149], [69, 18, 33, 149], [69, 25, 33, 149], [69, 27, 33, 149], [69, 31, 33, 149], [69, 32, 33, 149], [69, 33, 33, 149], [70, 22, 33, 149], [70, 23, 33, 149], [70, 24, 33, 149], [70, 25, 33, 149], [70, 26, 33, 149], [70, 27, 33, 149], [70, 28, 33, 149], [71, 25, 33, 149], [71, 26, 33, 149], [71, 27, 33, 149], [71, 28, 33, 149], [71, 29, 33, 149], [71, 30, 33, 149], [71, 31, 33, 149], [72, 14, 33, 149], [72, 15, 33, 149], [72, 16, 33, 149], [72, 17, 33, 149], [72, 19, 33, 149], [72, 20, 33, 149], [72, 21, 33, 149], [72, 22, 33, 149], [72, 23, 33, 149], [72, 29, 33, 149], [72, 30, 33, 149], [72, 31, 33, 149], [72, 32, 33, 149], [72, 33, 33, 149], [72, 34, 33, 149], [73, 26, 33, 149], [73, 27, 33, 149], [73, 28, 33, 149], [73, 29, 33, 149], [73, 30, 33, 149], [73, 31, 33, 149], [73, 32, 33, 149], [73, 33, 33, 149], [74, 12, 33, 149], [74, 13, 33, 149], [74, 14, 33, 149], [74, 15, 33, 149], [74, 16, 33, 149], [74, 20, 33, 149], [74, 21, 33, 149], [74, 22, 33, 149], [74, 26, 33, 149], [74, 31, 33, 149], [74, 32, 33, 149], [74, 33, 33, 149], [74, 34, 33, 149], [74, 35, 33, 149]]}
{'reason': "The individual's trajectory shows a consistent pattern, likely to follow the established pattern.", 'prediction': [[60, 17, 33, 149], [60, 22, 33, 150], [60, 43, 33, 150], [60, 44, 33, 149], [61, 17, 32, 150], [61, 18, 33, 150], [61, 45, 33, 148], [61, 46, 33, 149], [62, 20, 33, 150], [62, 45, 31, 150], [62, 46, 33, 149], [63, 20, 34, 146], [63, 23, 34, 146], [63, 24, 33, 149], [63, 25, 33, 151], [63, 26, 33, 155], [63, 28, 32, 149], [63, 29, 32, 148], [63, 30, 33, 149], [64, 14, 33, 149], [64, 15, 44, 133], [64, 16, 50, 148], [64, 17, 50, 148], [64, 18, 50, 148], [64, 19, 54, 149], [64, 20, 50, 148], [64, 21, 50, 148], [64, 25, 50, 148], [64, 29, 50, 148], [64, 31, 50, 148], [64, 32, 49, 144], [64, 33, 44, 105], [64, 34, 50, 41], [64, 35, 27, 24], [65, 24, 16, 16], [65, 25, 28, 24], [65, 26, 56, 74], [65, 27, 43, 106], [65, 28, 45, 133], [65, 29, 36, 146], [65, 30, 32, 150], [65, 32, 33, 149], [66, 13, 44, 138], [66, 14, 45, 134], [66, 15, 50, 148], [66, 16, 50, 148], [66, 17, 38, 166], [66, 18, 32, 156], [66, 19, 46, 165], [66, 20, 39, 129], [66, 22, 47, 140], [66, 23, 53, 144], [66, 24, 50, 148], [66, 25, 50, 148], [66, 26, 51, 149], [66, 27, 50, 148], [66, 29, 51, 149], [66, 31, 50, 148], [66, 33, 49, 147], [66, 34, 43, 130], [66, 35, 49, 48], [66, 36, 42, 34], [67, 26, 9, 6], [67, 27, 50, 40], [67, 28, 54, 78], [67, 29, 47, 94], [67, 30, 45, 133], [67, 31, 42, 138], [67, 32, 33, 149], [68, 10, 35, 148], [68, 11, 39, 142], [68, 12, 50, 148], [68, 13, 33, 171], [68, 14, 28, 181], [68, 15, 22, 174], [68, 18, 18, 172], [68, 25, 20, 174], [68, 26, 20, 171], [68, 27, 26, 167], [68, 28, 50, 148], [68, 29, 50, 148], [68, 30, 51, 149], [68, 34, 45, 133], [68, 35, 38, 144], [68, 36, 33, 149], [69, 18, 33, 150], [69, 25, 33, 149], [69, 27, 33, 149], [69, 31, 33, 149], [69, 32, 33, 148], [69, 33, 33, 149], [70, 22, 32, 148], [70, 23, 33, 150], [70, 24, 45, 134], [70, 25, 44, 135], [70, 26, 101, 165], [70, 27, 151, 151], [70, 28, 186, 197], [71, 25, 183, 187], [71, 26, 142, 154], [71, 27, 77, 167], [71, 28, 54, 149], [71, 29, 45, 134], [71, 30, 36, 146], [71, 31, 32, 148], [72, 14, 33, 149], [72, 15, 45, 139], [72, 16, 50, 148], [72, 17, 52, 144], [72, 19, 52, 145], [72, 20, 50, 149], [72, 21, 50, 148], [72, 22, 51, 149], [72, 23, 50, 148], [72, 29, 51, 149], [72, 30, 50, 148], [72, 31, 51, 149], [72, 32, 49, 144], [72, 33, 45, 102], [72, 34, 50, 52], [73, 26, 36, 29], [73, 27, 47, 97], [73, 28, 31, 135], [73, 29, 38, 137], [73, 30, 45, 133], [73, 31, 33, 147], [73, 32, 32, 150], [73, 33, 33, 149], [74, 12, 32, 150], [74, 13, 44, 133], [74, 14, 44, 165], [74, 15, 31, 165], [74, 16, 26, 167], [74, 20, 21, 170], [74, 21, 44, 153], [74, 22, 51, 148], [74, 26, 51, 149], [74, 31, 51, 149], [74, 32, 42, 124], [74, 33, 45, 92], [74, 34, 31, 26], [74, 35, 14, 16]]}
**************************************************Result Report**************************************************
geobleu: 0.18307149897700867
dtw: 73.18047952491428
*****************************************************************************************************************
6 test conversation: 120.63641452789307s
Input sequence length: torch.Size([1, 6869])
Test conversation 7:
{'reason': "The individual's trajectory shows a consistent pattern, likely to follow the established pattern.", 'prediction': [[60, 15, 30, 138], [60, 16, 37, 140], [60, 17, 37, 140], [60, 22, 36, 141], [60, 23, 37, 140], [60, 24, 37, 140], [60, 25, 36, 141], [60, 26, 37, 140], [60, 27, 37, 140], [60, 28, 36, 141], [60, 29, 37, 140], [60, 30, 37, 140], [60, 31, 37, 140], [60, 32, 36, 141], [60, 33, 37, 140], [60, 35, 37, 140], [60, 36, 37, 140], [60, 37, 36, 141], [60, 38, 31, 139], [61, 15, 31, 139], [61, 16, 37, 140], [61, 17, 37, 140], [61, 18, 37, 140], [61, 38, 36, 141], [61, 39, 36, 140], [61, 40, 33, 139], [61, 41, 28, 138], [62, 15, 31, 139], [62, 16, 37, 140], [62, 17, 37, 140], [62, 18, 36, 141], [62, 19, 37, 140], [62, 20, 37, 140], [62, 21, 37, 140], [62, 22, 37, 140], [62, 23, 37, 140], [62, 24, 37, 140], [62, 25, 36, 141], [62, 26, 37, 140], [62, 27, 36, 141], [62, 28, 37, 140], [62, 29, 37, 140], [62, 30, 36, 141], [62, 31, 36, 141], [62, 32, 37, 140], [62, 33, 37, 140], [62, 34, 36, 141], [62, 35, 37, 140], [62, 36, 37, 140], [62, 37, 28, 138], [63, 33, 28, 138], [63, 34, 28, 138], [63, 35, 28, 138], [64, 20, 28, 138], [64, 23, 28, 138], [65, 15, 30, 138], [65, 16, 37, 140], [65, 17, 36, 141], [65, 35, 36, 141], [65, 38, 37, 140], [65, 39, 36, 140], [65, 40, 28, 138], [66, 15, 32, 138], [66, 16, 37, 140], [66, 17, 36, 141], [66, 18, 36, 141], [66, 19, 37, 140], [66, 21, 36, 141], [66, 22, 37, 140], [66, 23, 36, 141], [66, 24, 36, 141], [66, 25, 37, 140], [66, 26, 36, 141], [66, 27, 36, 141], [66, 28, 37, 140], [66, 29, 37, 140], [66, 30, 37, 140], [66, 32, 36, 141], [66, 34, 36, 141], [66, 35, 36, 141], [66, 36, 36, 141], [66, 37, 36, 141], [66, 38, 28, 138], [67, 28, 29, 139], [67, 29, 28, 143], [67, 30, 28, 143], [67, 31, 28, 143], [67, 32, 29, 140], [67, 33, 37, 140], [67, 34, 36, 141], [67, 35, 37, 140], [67, 36, 36, 141], [67, 37, 36, 141], [67, 38, 33, 139], [68, 16, 37, 140], [68, 17, 37, 140], [68, 18, 37, 140], [68, 20, 37, 140], [68, 21, 37, 140], [68, 22, 36, 141], [68, 23, 36, 141], [68, 24, 36, 141], [68, 25, 36, 141], [68, 26, 36, 141], [68, 27, 37, 140], [68, 28, 36, 141], [68, 29, 36, 141], [68, 31, 37, 140], [68, 32, 36, 141], [68, 33, 36, 141], [68, 34, 36, 141], [68, 35, 36, 141], [68, 36, 36, 141], [68, 38, 36, 141], [68, 43, 36, 141], [68, 44, 28, 138], [69, 15, 32, 138], [69, 16, 36, 140], [69, 17, 36, 141], [69, 18, 36, 141], [69, 19, 37, 140], [69, 20, 36, 141], [69, 21, 37, 140], [69, 22, 37, 140], [69, 23, 37, 140], [69, 24, 37, 140], [69, 25, 37, 140], [69, 26, 36, 141], [69, 27, 36, 141], [69, 28, 36, 141], [69, 29, 37, 140], [69, 30, 37, 140], [69, 31, 36, 141], [69, 32, 37, 140], [69, 33, 36, 141], [69, 34, 36, 141], [69, 35, 37, 140], [69, 36, 33, 138], [70, 17, 28, 138], [70, 18, 28, 138], [70, 19, 28, 138], [70, 26, 28, 138], [70, 27, 28, 138], [70, 32, 28, 138], [70, 33, 28, 138], [70, 34, 28, 138], [72, 15, 29, 137], [72, 16, 37, 140], [72, 17, 37, 140], [72, 18, 37, 140], [72, 19, 36, 141], [72, 20, 36, 141], [72, 21, 36, 141], [72, 26, 36, 141], [72, 29, 37, 140], [72, 30, 37, 140], [72, 31, 37, 140], [72, 32, 36, 141], [72, 33, 37, 140], [72, 34, 36, 141], [72, 35, 36, 141], [72, 38, 37, 140], [72, 39, 32, 138], [73, 15, 30, 138], [73, 16, 37, 140], [73, 17, 37, 140], [73, 18, 36, 141], [73, 20, 36, 141], [73, 21, 37, 140], [73, 22, 36, 141], [73, 23, 36, 141], [73, 24, 37, 140], [73, 25, 36, 141], [73, 26, 36, 141], [73, 28, 37, 140], [73, 29, 37, 140], [73, 30, 37, 140], [73, 31, 36, 141], [73, 32, 37, 140], [73, 33, 37, 140], [73, 34, 37, 140], [73, 35, 37, 140], [73, 36, 36, 141], [73, 37, 36, 141], [73, 38, 33, 139], [74, 15, 30, 138], [74, 21, 28, 138], [74, 26, 28, 138], [74, 35, 28, 138], [74, 36, 28, 138], [74, 37, 28, 138]]}
{'reason': "The individual's trajectory shows a consistent pattern, likely to follow the established pattern.", 'prediction': [[60, 15, 31, 139], [60, 16, 34, 138], [60, 17, 37, 138], [60, 22, 37, 141], [60, 23, 36, 135], [60, 24, 39, 131], [60, 25, 28, 154], [60, 26, 25, 162], [60, 27, 26, 150], [60, 28, 24, 153], [60, 29, 24, 151], [60, 30, 30, 142], [60, 31, 37, 140], [60, 32, 37, 140], [60, 33, 36, 141], [60, 35, 37, 140], [60, 36, 37, 140], [60, 37, 29, 138], [60, 38, 28, 138], [61, 15, 35, 138], [61, 16, 37, 140], [61, 17, 36, 143], [61, 18, 16, 175], [61, 38, 37, 140], [61, 39, 37, 140], [61, 40, 37, 140], [61, 41, 28, 138], [62, 15, 31, 139], [62, 16, 37, 140], [62, 17, 38, 140], [62, 18, 37, 140], [62, 19, 37, 140], [62, 20, 38, 140], [62, 21, 37, 141], [62, 22, 37, 141], [62, 23, 37, 141], [62, 24, 37, 141], [62, 25, 37, 140], [62, 26, 37, 141], [62, 27, 37, 141], [62, 28, 37, 141], [62, 29, 37, 141], [62, 30, 38, 140], [62, 31, 38, 140], [62, 32, 38, 140], [62, 33, 38, 140], [62, 34, 37, 141], [62, 35, 36, 140], [62, 36, 37, 140], [62, 37, 33, 137], [63, 33, 25, 142], [63, 34, 25, 144], [63, 35, 28, 138], [64, 20, 30, 139], [64, 23, 29, 138], [65, 15, 34, 139], [65, 16, 37, 140], [65, 17, 33, 144], [65, 35, 36, 140], [65, 38, 37, 140], [65, 39, 29, 138], [65, 40, 28, 138], [66, 15, 29, 138], [66, 16, 36, 140], [66, 17, 36, 140], [66, 18, 36, 144], [66, 19, 37, 145], [66, 21, 36, 143], [66, 22, 37, 140], [66, 23, 37, 140], [66, 24, 37, 140], [66, 25, 47, 140], [66, 26, 35, 145], [66, 27, 30, 138], [66, 28, 30, 138], [66, 29, 32, 138], [66, 30, 32, 139], [66, 32, 34, 138], [66, 34, 38, 140], [66, 35, 37, 140], [66, 36, 37, 140], [66, 37, 36, 140], [66, 38, 34, 138], [67, 28, 22, 149], [67, 29, 22, 152], [67, 30, 35, 144], [67, 31, 37, 140], [67, 32, 38, 140], [67, 33, 37, 140], [67, 34, 37, 140], [67, 35, 36, 140], [67, 36, 37, 140], [67, 37, 31, 136], [67, 38, 28, 138], [68, 16, 36, 140], [68, 17, 37, 141], [68, 18, 36, 140], [68, 20, 37, 140], [68, 21, 39, 126], [68, 22, 41, 127], [68, 23, 41, 133], [68, 24, 35, 137], [68, 25, 35, 138], [68, 26, 32, 139], [68, 27, 32, 138], [68, 28, 32, 139], [68, 29, 30, 148], [68, 31, 37, 140], [68, 32, 37, 141], [68, 33, 36, 140], [68, 34, 37, 140], [68, 35, 37, 140], [68, 36, 33, 148], [68, 38, 24, 154], [68, 43, 29, 140], [68, 44, 28, 138], [69, 15, 31, 140], [69, 16, 37, 140], [69, 17, 36, 140], [69, 18, 38, 140], [69, 19, 37, 140], [69, 20, 33, 137], [69, 21, 37, 140], [69, 22, 36, 141], [69, 23, 38, 140], [69, 24, 37, 140], [69, 25, 37, 140], [69, 26, 37, 140], [69, 27, 37, 140], [69, 28, 36, 140], [69, 29, 36, 140], [69, 30, 37, 141], [69, 31, 36, 140], [69, 32, 37, 140], [69, 33, 37, 141], [69, 34, 37, 140], [69, 35, 36, 140], [69, 36, 33, 138], [70, 17, 27, 139], [70, 18, 22, 156], [70, 19, 28, 138], [70, 26, 28, 138], [70, 27, 28, 138], [70, 32, 24, 145], [70, 33, 22, 152], [70, 34, 25, 144], [72, 15, 33, 137], [72, 16, 37, 141], [72, 17, 37, 140], [72, 18, 37, 140], [72, 19, 37, 140], [72, 20, 35, 137], [72, 21, 33, 144], [72, 26, 13, 170], [72, 29, 13, 168], [72, 30, 30, 153], [72, 31, 33, 151], [72, 32, 37, 140], [72, 33, 37, 140], [72, 34, 37, 140], [72, 35, 36, 140], [72, 38, 36, 140], [72, 39, 28, 138], [73, 15, 31, 139], [73, 16, 37, 140], [73, 17, 37, 140], [73, 18, 37, 141], [73, 20, 36, 140], [73, 21, 37, 140], [73, 22, 26, 155], [73, 23, 24, 152], [73, 24, 24, 149], [73, 25, 23, 148], [73, 26, 22, 147], [73, 28, 22, 151], [73, 29, 35, 144], [73, 30, 36, 144], [73, 31, 37, 140], [73, 32, 37, 140], [73, 33, 37, 141], [73, 34, 36, 141], [73, 35, 36, 141], [73, 36, 37, 140], [73, 37, 37, 140], [73, 38, 31, 139], [74, 15, 30, 138], [74, 21, 29, 140], [74, 26, 29, 140], [74, 35, 30, 139], [74, 36, 31, 137], [74, 37, 29, 137]]}
**************************************************Result Report**************************************************
